function [read] = data()
read11 = [680.00 , 0.00 , 2.46 , 0.60 , 0.29 , 0.09 , 
679.00 , 0.00 , 2.61 , 0.78 , 0.26 , 0.09 , 
680.00 , 0.00 , 2.21 , 0.63 , 0.31 , 0.09 , 
679.00 , 0.00 , 2.50 , 0.76 , 0.30 , 0.09 , 
680.00 , 0.00 , 2.22 , 0.45 , 0.31 , 0.09 , 
679.00 , 0.00 , 2.40 , 0.73 , 0.31 , 0.10 , 
679.00 , 0.00 , 2.26 , 0.67 , 0.31 , 0.09 , 
680.00 , 0.00 , 2.39 , 0.52 , 0.31 , 0.09 , 
679.00 , 0.00 , 2.68 , 0.83 , 0.32 , 0.10 , 
680.00 , 0.00 , 2.15 , 0.55 , 0.32 , 0.09 , 
680.00 , 679.00 , 2.49 , 0.76 , 0.33 , 0.10 , 
680.00 , 680.00 , 2.44 , 0.62 , 0.32 , 0.09 , 
680.00 , 679.00 , 2.39 , 0.67 , 0.33 , 0.09 , 
680.00 , 679.00 , 2.29 , 0.59 , 0.34 , 0.10 , 
680.00 , 679.00 , 2.47 , 0.75 , 0.33 , 0.10 , 
680.00 , 680.00 , 2.65 , 0.83 , 0.34 , 0.09 , 
679.00 , 680.00 , 2.49 , 0.69 , 0.34 , 0.09 , 
679.00 , 680.00 , 2.46 , 0.74 , 0.35 , 0.09 , 
679.00 , 680.00 , 2.41 , 0.60 , 0.34 , 0.09 , 
679.00 , 680.00 , 2.38 , 0.65 , 0.35 , 0.09 , 
679.00 , 0.00 , 2.49 , 0.70 , 0.35 , 0.09 , 
679.00 , 0.00 , 2.48 , 0.69 , 0.35 , 0.09 , 
679.00 , 0.00 , 2.63 , 0.82 , 0.36 , 0.09 , 
679.00 , 0.00 , 2.44 , 0.65 , 0.36 , 0.09 , 
680.00 , 0.00 , 2.51 , 0.77 , 0.35 , 0.09 , 
679.00 , 0.00 , 2.52 , 0.76 , 0.37 , 0.10 , 
679.00 , 0.00 , 2.34 , 0.62 , 0.37 , 0.10 , 
680.00 , 0.00 , 2.50 , 0.72 , 0.36 , 0.09 , 
679.00 , 0.00 , 2.48 , 0.71 , 0.37 , 0.09 , 
679.00 , 0.00 , 2.66 , 0.83 , 0.37 , 0.08 , 
679.00 , 680.00 , 2.50 , 0.69 , 0.37 , 0.09 , 
680.00 , 680.00 , 2.50 , 0.70 , 0.38 , 0.09 , 
679.00 , 679.00 , 2.50 , 0.70 , 0.38 , 0.09 , 
679.00 , 679.00 , 2.50 , 0.71 , 0.38 , 0.09 , 
679.00 , 679.00 , 2.50 , 0.71 , 0.38 , 0.09 , 
679.00 , 679.00 , 2.51 , 0.71 , 0.39 , 0.09 , 
679.00 , 679.00 , 2.51 , 0.72 , 0.39 , 0.09 , 
679.00 , 679.00 , 2.51 , 0.72 , 0.39 , 0.09 , 
679.00 , 679.00 , 2.51 , 0.73 , 0.39 , 0.09 , 
679.00 , 0.00 , 2.55 , 0.74 , 0.39 , 0.09 , 
679.00 , 0.00 , 2.54 , 0.71 , 0.40 , 0.09 , 
679.00 , 0.00 , 2.51 , 0.69 , 0.40 , 0.09 , 
679.00 , 0.00 , 2.47 , 0.68 , 0.41 , 0.09 , 
679.00 , 0.00 , 2.72 , 0.74 , 0.41 , 0.10 , 
679.00 , 0.00 , 2.68 , 0.83 , 0.42 , 0.10 , 
680.00 , 0.00 , 2.62 , 0.82 , 0.41 , 0.09 , 
679.00 , 0.00 , 2.59 , 0.79 , 0.42 , 0.10 , 
679.00 , 0.00 , 2.57 , 0.77 , 0.42 , 0.09 , 
679.00 , 0.00 , 2.56 , 0.74 , 0.41 , 0.09 , 
679.00 , 679.00 , 2.57 , 0.75 , 0.42 , 0.09 , 
679.00 , 679.00 , 2.63 , 0.81 , 0.42 , 0.10 , 
680.00 , 679.00 , 2.57 , 0.76 , 0.42 , 0.09 , 
679.00 , 680.00 , 2.64 , 0.83 , 0.45 , 0.09 , 
679.00 , 679.00 , 2.57 , 0.77 , 0.42 , 0.09 , 
679.00 , 679.00 , 2.65 , 0.82 , 0.42 , 0.10 , 
680.00 , 679.00 , 2.57 , 0.77 , 0.42 , 0.09 , 
680.00 , 680.00 , 2.66 , 0.83 , 0.46 , 0.09 , 
679.00 , 680.00 , 2.57 , 0.78 , 0.43 , 0.09 , 
680.00 , 679.00 , 2.67 , 0.83 , 0.42 , 0.10 , 
679.00 , 0.00 , 2.77 , 0.70 , 0.44 , 0.10 , 
680.00 , 0.00 , 2.61 , 0.74 , 0.43 , 0.09 , 
679.00 , 0.00 , 2.72 , 0.72 , 0.44 , 0.10 , 
679.00 , 0.00 , 2.61 , 0.72 , 0.44 , 0.09 , 
679.00 , 0.00 , 2.70 , 0.82 , 0.45 , 0.10 , 
680.00 , 0.00 , 2.61 , 0.73 , 0.44 , 0.09 , 
679.00 , 0.00 , 2.69 , 0.82 , 0.46 , 0.09 , 
679.00 , 0.00 , 2.61 , 0.78 , 0.45 , 0.09 , 
679.00 , 0.00 , 2.67 , 0.83 , 0.43 , 0.10 , 
680.00 , 0.00 , 2.61 , 0.77 , 0.45 , 0.09 , 
680.00 , 679.00 , 2.63 , 0.75 , 0.45 , 0.10 , 
679.00 , 679.00 , 2.72 , 0.84 , 0.46 , 0.10 , 
679.00 , 679.00 , 2.64 , 0.78 , 0.46 , 0.10 , 
679.00 , 679.00 , 2.62 , 0.74 , 0.46 , 0.09 , 
680.00 , 679.00 , 2.70 , 0.83 , 0.47 , 0.09 , 
679.00 , 680.00 , 2.64 , 0.77 , 0.47 , 0.10 , 
679.00 , 680.00 , 2.61 , 0.73 , 0.46 , 0.09 , 
679.00 , 680.00 , 2.69 , 0.83 , 0.47 , 0.10 , 
679.00 , 679.00 , 2.63 , 0.75 , 0.47 , 0.10 , 
679.00 , 679.00 , 2.59 , 0.73 , 0.47 , 0.09 , 
679.00 , 0.00 , 2.58 , 0.70 , 0.47 , 0.09 , 
679.00 , 0.00 , 2.65 , 0.77 , 0.48 , 0.10 , 
679.00 , 0.00 , 2.57 , 0.70 , 0.48 , 0.09 , 
679.00 , 0.00 , 2.65 , 0.78 , 0.48 , 0.10 , 
679.00 , 0.00 , 2.57 , 0.72 , 0.48 , 0.09 , 
679.00 , 0.00 , 2.65 , 0.76 , 0.48 , 0.10 , 
679.00 , 0.00 , 2.64 , 0.70 , 0.49 , 0.09 , 
679.00 , 0.00 , 2.65 , 0.76 , 0.49 , 0.10 , 
680.00 , 0.00 , 2.76 , 0.71 , 0.49 , 0.09 , 
679.00 , 0.00 , 2.65 , 0.77 , 0.49 , 0.10 , 
679.00 , 679.00 , 2.68 , 0.83 , 0.53 , 0.10 , 
679.00 , 680.00 , 2.66 , 0.79 , 0.50 , 0.10 , 
680.00 , 679.00 , 2.65 , 0.73 , 0.49 , 0.09 , 
680.00 , 679.00 , 2.76 , 0.70 , 0.50 , 0.09 , 
679.00 , 679.00 , 2.67 , 0.82 , 0.50 , 0.09 , 
679.00 , 679.00 , 2.66 , 0.77 , 0.50 , 0.09 , 
680.00 , 679.00 , 2.62 , 0.75 , 0.50 , 0.09 , 
679.00 , 680.00 , 2.70 , 0.78 , 0.51 , 0.09 , 
680.00 , 679.00 , 2.65 , 0.79 , 0.51 , 0.09 , 
679.00 , 679.00 , 2.65 , 0.74 , 0.50 , 0.09 , 
679.00 , 0.00 , 2.64 , 0.84 , 0.51 , 0.72 , 
680.00 , 0.00 , 2.63 , 0.81 , 0.51 , 0.87 , 
679.00 , 0.00 , 2.64 , 0.78 , 0.51 , 0.47 , 
679.00 , 0.00 , 2.64 , 0.83 , 0.52 , 0.13 , 
680.00 , 0.00 , 2.63 , 0.80 , 0.52 , 0.12 , 
679.00 , 0.00 , 2.66 , 0.77 , 0.52 , 0.10 , 
679.00 , 0.00 , 2.64 , 0.83 , 0.52 , 0.16 , 
679.00 , 0.00 , 2.61 , 0.79 , 0.52 , 0.24 , 
679.00 , 0.00 , 2.64 , 0.86 , 0.53 , 0.20 , 
679.00 , 0.00 , 2.63 , 0.82 , 0.53 , 0.29 , 
679.00 , 680.00 , 2.60 , 0.75 , 0.52 , 0.15 , 
679.00 , 680.00 , 2.60 , 0.80 , 0.52 , 0.10 , 
680.00 , 680.00 , 2.60 , 0.74 , 0.53 , 0.10 , 
679.00 , 679.00 , 2.60 , 0.76 , 0.53 , 0.10 , 
679.00 , 680.00 , 2.60 , 0.77 , 0.54 , 0.10 , 
679.00 , 680.00 , 2.61 , 0.71 , 0.54 , 0.10 , 
680.00 , 680.00 , 2.61 , 0.74 , 0.54 , 0.10 , 
680.00 , 679.00 , 2.61 , 0.74 , 0.55 , 0.10 , 
679.00 , 679.00 , 2.61 , 0.73 , 0.55 , 0.10 , 
680.00 , 679.00 , 2.61 , 0.74 , 0.56 , 0.10 , 
679.00 , 0.00 , 2.58 , 0.80 , 0.56 , 0.10 , 
679.00 , 0.00 , 2.55 , 0.81 , 0.55 , 0.13 , 
680.00 , 0.00 , 2.57 , 0.82 , 0.56 , 0.10 , 
679.00 , 0.00 , 2.57 , 0.83 , 0.56 , 0.09 , 
679.00 , 0.00 , 2.57 , 0.81 , 0.55 , 0.11 , 
679.00 , 0.00 , 2.57 , 0.80 , 0.55 , 0.09 , 
680.00 , 0.00 , 2.58 , 0.80 , 0.55 , 0.09 , 
679.00 , 0.00 , 2.55 , 0.81 , 0.55 , 0.09 , 
679.00 , 0.00 , 2.57 , 0.82 , 0.56 , 0.11 , 
679.00 , 0.00 , 2.57 , 0.83 , 0.55 , 0.10 , 
679.00 , 679.00 , 2.55 , 0.82 , 0.56 , 3.32 , 
679.00 , 680.00 , 2.54 , 0.83 , 0.55 , 3.87 , 
680.00 , 680.00 , 2.55 , 0.83 , 0.55 , 3.87 , 
680.00 , 679.00 , 2.55 , 0.81 , 0.55 , 3.88 , 
680.00 , 679.00 , 2.55 , 0.81 , 0.56 , 3.88 , 
679.00 , 680.00 , 2.55 , 0.81 , 0.54 , 3.88 , 
679.00 , 679.00 , 2.53 , 0.82 , 0.56 , 3.89 , 
679.00 , 679.00 , 2.54 , 0.83 , 0.55 , 3.89 , 
679.00 , 680.00 , 2.55 , 0.86 , 0.55 , 3.89 , 
679.00 , 679.00 , 2.55 , 0.81 , 0.56 , 3.89 , 
679.00 , 0.00 , 2.52 , 0.84 , 0.55 , 0.46 , 
680.00 , 0.00 , 2.57 , 0.83 , 0.55 , 0.12 , 
680.00 , 0.00 , 2.52 , 0.82 , 0.55 , 0.10 , 
680.00 , 0.00 , 2.52 , 0.82 , 0.55 , 0.10 , 
679.00 , 0.00 , 2.51 , 0.83 , 0.55 , 0.10 , 
679.00 , 0.00 , 2.53 , 0.83 , 0.56 , 0.10 , 
680.00 , 0.00 , 2.53 , 0.82 , 0.58 , 0.09 , 
680.00 , 0.00 , 2.52 , 0.82 , 0.55 , 0.10 , 
679.00 , 0.00 , 2.51 , 0.83 , 0.55 , 0.09 , 
679.00 , 0.00 , 2.53 , 0.82 , 0.56 , 0.10 , 
680.00 , 680.00 , 2.50 , 0.83 , 0.55 , 0.10 , 
679.00 , 680.00 , 2.51 , 0.83 , 0.56 , 0.09 , 
679.00 , 680.00 , 2.50 , 0.86 , 0.56 , 0.09 , 
679.00 , 679.00 , 2.49 , 0.84 , 0.55 , 0.10 , 
680.00 , 679.00 , 2.50 , 0.83 , 0.55 , 0.09 , 
680.00 , 679.00 , 2.50 , 0.83 , 0.55 , 0.09 , 
680.00 , 680.00 , 2.50 , 0.84 , 0.55 , 0.09 , 
680.00 , 680.00 , 2.50 , 0.84 , 0.55 , 0.09 , 
679.00 , 679.00 , 2.50 , 0.84 , 0.55 , 0.09 , 
679.00 , 679.00 , 2.50 , 0.83 , 0.56 , 0.09 , 
680.00 , 0.00 , 2.49 , 0.85 , 0.55 , 0.09 , 
680.00 , 0.00 , 2.49 , 0.84 , 0.55 , 0.09 , 
679.00 , 0.00 , 2.49 , 0.84 , 0.55 , 0.09 , 
680.00 , 0.00 , 2.47 , 0.86 , 0.55 , 0.09 , 
681.00 , 0.00 , 2.49 , 0.85 , 0.55 , 0.09 , 
679.00 , 0.00 , 2.49 , 0.84 , 0.55 , 0.10 , 
680.00 , 0.00 , 2.49 , 0.84 , 0.56 , 0.09 , 
679.00 , 0.00 , 2.48 , 0.85 , 0.56 , 0.09 , 
679.00 , 0.00 , 2.49 , 0.85 , 0.56 , 0.09 , 
679.00 , 0.00 , 2.49 , 0.84 , 0.55 , 0.10 , 
680.00 , 679.00 , 2.46 , 0.86 , 0.56 , 0.09 , 
680.00 , 680.00 , 2.47 , 0.86 , 0.56 , 0.09 , 
679.00 , 680.00 , 2.47 , 0.86 , 0.56 , 0.09 , 
680.00 , 679.00 , 2.47 , 0.86 , 0.56 , 0.09 , 
