function [vg,c_pre,c_post] = data()
vg = [-2.2
-2.15
-2.1
-2.05
-2
-1.95
-1.9
-1.85
-1.8
-1.75
-1.7
-1.65
-1.6
-1.55
-1.5
-1.45
-1.4
-1.35
-1.3
-1.25
-1.2
-1.15
-1.1
-1.05
-1
-0.95
-0.9
-0.85
-0.8
-0.75
-0.7
-0.65
-0.6
-0.55
-0.5
-0.45
-0.4
-0.35
-0.3
-0.25
-0.2
-0.15
-0.1
-0.05
3.19E-16
0.05
0.1
0.15
0.2
0.25
0.3
0.35
0.4
0.45
0.5]

c_pre = [3.24488E-06
3.23662E-06
3.22821E-06
3.21916E-06
3.20925E-06
3.19846E-06
3.18681E-06
3.17406E-06
3.16025E-06
3.14538E-06
3.12938E-06
3.11226E-06
3.09375E-06
3.07413E-06
3.05297E-06
3.03033E-06
3.00616E-06
2.98024E-06
2.95228E-06
2.92214E-06
2.88968E-06
2.85466E-06
2.81672E-06
2.77542E-06
2.73023E-06
2.68057E-06
2.62522E-06
2.56301E-06
2.49219E-06
2.41024E-06
2.31349E-06
2.19722E-06
2.05458E-06
1.87714E-06
1.65727E-06
1.39522E-06
1.10644E-06
8.20154E-07
5.66022E-07
3.65297E-07
2.27295E-07
1.45921E-07
1.0243E-07
7.89928E-08
6.57584E-08
5.83032E-08
5.37384E-08
5.05232E-08
4.80192E-08
4.60648E-08
4.428E-08
4.27294E-08
4.1432E-08
4.01387E-08
3.92332E-08];
c_post = [3.16708E-06
3.14557E-06
3.1237E-06
3.10122E-06
3.0782E-06
3.05422E-06
3.02931E-06
3.00339E-06
2.97625E-06
2.94777E-06
2.91782E-06
2.88617E-06
2.8525E-06
2.81669E-06
2.77843E-06
2.73719E-06
2.69283E-06
2.6447E-06
2.59222E-06
2.53433E-06
2.47002E-06
2.39782E-06
2.31582E-06
2.22189E-06
2.11281E-06
1.98642E-06
1.83914E-06
1.66998E-06
1.48292E-06
1.28495E-06
1.08941E-06
9.08888E-07
7.49192E-07
6.07198E-07
4.81462E-07
3.68153E-07
2.67879E-07
1.8471E-07
1.2405E-07
8.6156E-08
6.62032E-08
5.67248E-08
5.2044E-08
4.9208E-08
4.71784E-08
4.55224E-08
4.40976E-08
4.27952E-08
4.17118E-08
4.06546E-08
3.9556E-08
3.85611E-08
3.77671E-08
3.67756E-08
3.631E-08]
end

