function [f,m,ph] = data()
m=[18.54898666	,
20.64369367	,
21.24295813	,
23.74173287	,
23.06456752	,
25.32535779	,
26.26236991	,
25.36612302	,
24.36664352	,
23.70663832	,
21.65339148	,
18.95942	,
20.54304492	,
17.40732284	,
20.54304492	,
19.26966332	,
19.56920644	,
18.1315663	,
19.56920644	,
20.27576569	,
21.05412701	,
18.6376836	,
17.77699096	,
15.51620069	,
15.0335271	,
15.97345835	,
7.673991391	,
16.71994481	,
15.0335271	,
11.75639104	,
10.5965521	,
6.75884158	,
16.19336604	,
17.02121974	,
15.0335271	,
0.06976655692	,
-0.1435716925	,
3.847875406	,
2.622482271	,
3.13356436	,
3.13356436	,
5.121257003	,
5.507360107	,
7.059457263	,
5.877028221	]
f = [	48.7
,	59.59
,	70.8
,	90.8
,	80.5
,	100
,	130.7
,	170.7
,	200.7
,	220.5
,	240.1
,	290.7
,	399.9
,	500.7
,	649.1
,	800.2
,	899.2
,	1000
,	1199
,	1301
,	1601
,	1993
,	2303
,	2603
,	2803
,	3047
,	4029
,	4478
,	4604
,	4713
,	5126
,	5559
,	5875
,	6016
,	6375
,	6742
,	7041
,	7396
,	7713
,	8144
,	8755
,	9540
,	9999
,	10990
,	12000]
ph= [-140	,
160	,
169	,
149	,
131	,
95	,
67	,
22.1	,
0	,
-11.1	,
-21.5	,
-15.5	,
-28.1	,
-43.9	,
-61.7	,
-71.5	,
-102	,
-111	,
-100	,
-120	,
-150	,
177	,
146	,
141	,
141	,
123	,
150	,
130	,
97.8	,
97.2	,
99.1	,
155	,
136	,
116	,
48.4	,
6.79	,
144	,
104	,
100	,
107	,
158	,
114	,
109	,
122	,
94.1	]
end

